V -179 411 285 1 0 
V -119 507 108 1 0 
V 91 513 105 1 0 
V 161 421 281 1 0 
V -6 358 392 1 0 
V -231 472 -81 1 0 
V -355 275 284 1 0 
V 1 167 505 1 0 
V 345 296 276 1 0 
V 201 485 -86 1 0 
V 449 269 95 1 0 
V 375 366 -91 1 0 
V 95 452 -264 1 0 
V -128 445 -262 1 0 
V -398 343 -82 1 0 
V -461 242 106 1 0 
V -348 94 391 1 0 
V -165 38 504 1 0 
V 175 48 500 1 0 
V 351 115 382 1 0 
V -520 -72 -90 1 0 
V -460 24 -267 1 0 
V -397 237 -263 1 0 
V -230 300 -374 1 0 
V -116 153 -496 1 0 
V 94 160 -499 1 0 
V 203 313 -380 1 0 
V 376 260 -272 1 0 
V 451 51 -278 1 0 
V 521 -41 -102 1 0 
V 520 72 89 1 0 
V 459 -24 267 1 0 
V 397 -237 263 1 0 
V 230 -300 374 1 0 
V 116 -153 496 1 0 
V -94 -160 499 1 0 
V -203 -313 380 1 0 
V -376 -260 272 1 0 
V -451 -51 278 1 0 
V -520 41 102 1 0 
V -161 -421 -281 1 0 
V 6 -358 -392 1 0 
V 179 -411 -285 1 0 
V 119 -506 -108 1 0 
V -91 -513 -105 1 0 
V -345 -296 -276 1 0 
V -352 -115 -382 1 0 
V -175 -48 -500 1 0 
V -1 -167 -505 1 0 
V 165 -38 -504 1 0 
V 348 -94 -391 1 0 
V 355 -275 -285 1 0 
V 461 -242 -106 1 0 
V 398 -343 81 1 0 
V 231 -472 81 1 0 
V 128 -445 262 1 0 
V -95 -452 264 1 0 
V -201 -484 86 1 0 
V -375 -366 91 1 0 
V -449 -269 -95 1 0 
E 9 2 1 1 
E 2 3 1 1 
E 3 8 1 1 
E 7 4 1 1 
E 4 0 1 1 
E 0 6 1 1 
E 5 1 1 1 
E 1 2 1 1 
E 0 1 1 1 
E 3 4 1 1 
E 19 8 1 1 
E 8 10 1 1 
E 10 11 1 1 
E 11 9 1 1 
E 9 12 1 1 
E 12 13 1 1 
E 13 5 1 1 
E 5 14 1 1 
E 14 15 1 1 
E 15 6 1 1 
E 6 16 1 1 
E 16 17 1 1 
E 17 7 1 1 
E 7 18 1 1 
E 18 19 1 1 
E 14 22 1 1 
E 22 23 1 1 
E 23 13 1 1 
E 12 26 1 1 
E 26 27 1 1 
E 27 11 1 1 
E 10 30 1 1 
E 30 31 1 1 
E 31 19 1 1 
E 18 34 1 1 
E 34 35 1 1 
E 35 17 1 1 
E 16 38 1 1 
E 38 39 1 1 
E 39 15 1 1 
E 39 20 1 1 
E 20 21 1 1 
E 21 22 1 1 
E 23 24 1 1 
E 24 25 1 1 
E 25 26 1 1 
E 27 28 1 1 
E 28 29 1 1 
E 29 30 1 1 
E 31 32 1 1 
E 32 33 1 1 
E 33 34 1 1 
E 35 36 1 1 
E 36 37 1 1 
E 37 38 1 1 
E 40 41 1 1 
E 41 42 1 1 
E 42 43 1 1 
E 43 44 1 1 
E 44 40 1 1 
E 40 45 1 1 
E 44 57 1 1 
E 41 48 1 1 
E 43 54 1 1 
E 42 51 1 1 
E 20 59 1 1 
E 59 45 1 1 
E 45 46 1 1 
E 46 21 1 1 
E 24 47 1 1 
E 47 48 1 1 
E 48 49 1 1 
E 49 25 1 1 
E 28 50 1 1 
E 50 51 1 1 
E 51 52 1 1 
E 52 29 1 1 
E 32 53 1 1 
E 53 54 1 1 
E 54 55 1 1 
E 55 33 1 1 
E 36 56 1 1 
E 56 57 1 1 
E 57 58 1 1 
E 58 37 1 1 
E 58 59 1 1 
E 46 47 1 1 
E 49 50 1 1 
E 52 53 1 1 
E 55 56 1 1 

